1 = 1.37757e-07
D1 = 1.28531e-07
D1 = 3.92322e-08
D1 = 8.80184e-08
D1 = 1.8176e-07
End Of  bench_auto_cali

